Sample	Raw	f1.trim1	f1.trim2	f2.trim1	f2.trim2	b.trim1	b.trim2
P02_05_G	19474	2	0	19228	19222	0	0
P02_12_D	13003	0	0	12841	12841	6	0
P03_08_E	29934	0	0	1	0	28816	28815
P03_12_G	96	0	0	2	0	87	41
P01_05_C	9410	9233	9229	0	0	0	0
P04_11_H	4658	0	0	2	0	4601	4601
P02_01_F	29129	0	0	28747	28738	1	0
P02_09_A	499	0	0	485	485	7	0
P03_11_H	13329	0	0	1	0	12646	12646
P04_01_D	29424	28980	28980	0	0	3	0
P05_03_H	11240	0	0	0	0	11044	11044
P03_07_A	31033	0	0	0	0	30684	30684
P04_08_D	21184	1	0	20868	20867	3	0
P03_10_G	13183	0	0	0	0	12581	12581
P03_12_E	24693	0	0	2	0	23486	23486
P03_04_B	13	1	0	0	0	5	0
P03_08_B	27749	0	0	2	0	27333	27333
P01_02_E	57817	57038	57034	7	0	9	0
P03_04_E	41308	1	0	0	0	40896	40893
P04_07_A	19818	0	0	19540	19533	9	0
P04_07_B	30571	1	0	30138	30129	8	0
P01_02_C	41323	40688	40683	0	0	3	0
P02_09_F	21374	1	0	21064	21059	1	0
P04_06_B	14	7	0	1	0	5	0
P02_05_H	14670	0	0	14475	14475	1	0
P03_10_H	12285	1	0	0	0	11656	11656
P04_07_H	15365	0	0	15144	15139	2	0
P02_10_A	20115	0	0	19787	19782	3	0
P03_08_C	33421	0	0	0	0	33022	33019
P05_01_A	7002	0	0	0	0	6917	6917
P03_01_H	12204	1	0	0	0	12042	12040
P03_12_F	27246	1	0	1	0	26209	26209
P02_03_D	26628	2	0	26128	26124	1	0
P01_12_D	11133	10936	10934	2	0	0	0
P05_01_E	768	0	0	0	0	760	759
P05_02_H	33	0	0	0	0	29	23
P04_03_B	28295	27927	27924	4	0	2	0
P04_12_G	7735	0	0	5	0	7624	7624
P04_04_G	43215	42533	42532	1	0	2	0
P02_03_A	13656	2	0	13462	13461	1	0
P01_12_F	54168	53253	53253	0	0	248	248
P01_04_G	51778	51016	51014	2	0	8	0
P03_07_B	32078	0	0	1	0	31721	31720
P04_02_D	30555	30164	30164	2	0	3	0
P01_09_A	11	10	0	0	0	0	0
P02_01_B	34664	1	0	34145	34144	2	0
P05_03_G	12737	0	0	0	0	12548	12548
P01_11_A	13144	12890	12890	0	0	0	0
P04_09_H	222	0	0	211	191	3	0
P02_02_G	12133	0	0	11935	11934	3	0
P02_07_E	16076	0	0	15848	15847	1	0
P03_12_A	17285	0	0	7	0	17071	17069
P01_04_B	2196	2162	2162	0	0	3	0
P01_05_G	30251	29850	29845	0	0	2	0
P01_10_H	15035	14572	14572	0	0	246	246
P01_04_E	15833	15630	15627	3	0	5	0
P04_12_D	8162	0	0	7	0	8063	8063
P04_03_H	21430	21144	21140	0	0	3	0
P02_07_A	33819	0	0	33345	33336	2	0
P01_07_G	20027	19416	19415	2	0	293	293
P05_03_E	13403	0	0	0	0	13246	13245
P01_08_C	11133	10940	10939	1	0	3	0
P03_01_E	46948	0	0	1	0	46471	46469
P03_03_E	31587	0	0	0	0	31265	31265
P02_04_G	24366	1	0	23999	23997	8	0
P04_11_G	8585	0	0	5	0	8493	8492
P03_04_F	33479	0	0	0	0	33141	33140
P04_11_E	11	0	0	4	0	7	0
P04_07_F	43229	1	0	42656	42641	6	0
P03_07_H	16902	0	0	1	0	15450	15449
P03_05_F	27769	0	0	0	0	27526	27525
P03_04_G	28693	0	0	0	0	28305	28301
P02_03_F	25141	0	0	24789	24785	1	0
P01_09_G	21110	20406	20405	2	0	402	402
P02_04_E	20120	0	0	19852	19852	1	0
P03_04_H	13778	1	0	0	0	13652	13651
P04_08_F	29112	0	0	28621	28620	4	0
P03_05_G	19857	0	0	0	0	19624	19623
P01_06_A	35777	35296	35293	0	0	2	0
P01_10_E	31128	30268	30265	0	0	461	461
P01_04_A	191	182	181	0	0	1	0
P04_04_E	25843	25489	25471	0	0	4	0
P02_07_D	16122	0	0	15878	15874	1	0
P04_02_F	42846	42186	42185	3	0	1	0
P05_03_B	3	0	0	0	0	0	0
P01_03_B	10	5	0	0	0	1	0
P02_06_F	18945	0	0	18694	18688	1	0
P04_12_B	9579	0	0	4	0	9470	9470
P02_08_D	22708	1	0	22432	22425	1	0
P02_02_A	23582	0	0	23280	23263	3	0
P03_09_C	25444	1	0	1	0	25063	25063
P02_11_E	14029	0	0	13821	13819	2	0
P02_08_A	29447	1	0	29051	29048	1	0
P03_11_G	23414	1	0	0	0	22391	22390
P02_11_D	7139	0	0	7023	7023	7	0
P01_10_C	20575	20244	20244	0	0	0	0
P01_01_E	46666	46046	46044	6	0	13	0
P01_03_F	28344	27947	27945	1	0	5	0
P05_01_C	1019	1	0	0	0	1001	1000
P01_06_H	10821	10645	10642	6	0	10	0
P01_09_F	38969	38027	38023	0	0	426	426
P02_06_B	16	5	0	10	0	0	0
P04_09_E	20612	0	0	20300	20292	5	0
P01_06_E	4332	4264	4264	2	0	3	0
P04_07_E	47723	2	0	47053	47047	6	0
P01_08_A	23000	22646	22645	1	0	1	0
P05_03_F	12566	0	0	0	0	12461	12461
P01_05_A	25895	25490	25488	2	0	1	0
P02_06_E	5340	1	0	5256	5254	1	0
P02_10_C	18322	1	0	18080	18078	4	0
P02_03_H	23166	2	0	22803	22796	0	0
P01_03_C	18546	18257	18256	0	0	2	0
P01_05_D	36370	35825	35822	0	0	0	0
P03_08_F	32996	1	0	0	0	30405	30402
P04_02_H	27851	27451	27451	3	0	2	0
P02_08_E	19363	0	0	19097	19095	0	0
P01_11_C	21320	21005	21005	0	0	1	0
P05_04_C	7116	0	0	0	0	7022	7022
P01_05_H	18598	18358	18358	0	0	3	0
P04_01_C	28547	28105	28105	4	0	1	0
P02_06_H	15236	0	0	15023	15021	0	0
P03_05_A	16719	0	0	1	0	16170	16169
P02_10_G	5686	0	0	5582	5582	5	0
P01_02_D	20588	20320	20316	1	0	2	0
P04_12_E	8112	0	0	6	0	7996	7995
P04_08_C	15318	1	0	15070	15069	3	0
P01_01_F	48303	47684	47678	8	0	14	0
P01_02_A	36395	35869	35868	2	0	0	0
P01_03_D	51331	50481	50479	0	0	3	0
P02_01_E	26942	0	0	26576	26568	0	0
P01_04_C	8082	7939	7936	0	0	1	0
P01_08_H	10867	10427	10425	1	0	304	304
P02_04_F	21078	0	0	20786	20783	5	0
P03_12_C	18756	0	0	3	0	18528	18527
P03_11_F	28865	1	0	1	0	27474	27473
P04_11_A	3639	0	0	3	0	3582	3582
P03_09_B	29222	0	0	2	0	28888	28886
P01_08_G	13034	12086	12084	0	0	692	692
P02_04_A	18549	0	0	18277	18274	6	0
P03_10_C	26738	0	0	1	0	26424	26422
P03_05_H	15732	1	0	0	0	15578	15577
P04_12_C	3233	0	0	3	0	3192	3192
P02_11_B	17253	0	0	17027	17018	2	0
P02_12_H	5017	0	0	4945	4913	1	0
P03_05_E	31402	2	0	0	0	31032	31031
P02_12_C	488	0	0	475	475	5	0
P04_09_F	17159	0	0	16887	16886	8	0
P04_04_C	5149	5060	5059	3	0	4	0
P04_12_H	5082	1	0	5	0	5011	5011
P04_06_A	19725	5	0	19416	19416	7	0
P01_04_H	15964	15728	15728	1	0	4	0
P01_01_D	28120	27652	27651	1	0	2	0
P04_02_B	53815	52956	52955	0	0	6	0
P03_01_G	19949	0	0	1	0	19671	19670
P02_02_H	17378	0	0	17151	17151	0	0
P02_10_F	9367	1	0	9221	9219	5	0
P01_11_B	6885	6790	6790	0	0	0	0
P04_04_D	32048	31617	31617	2	0	5	0
P03_01_D	27966	0	0	0	0	26750	26749
P02_12_B	18114	0	0	17855	17850	13	0
P02_11_C	17219	0	0	16961	16954	3	0
P02_09_E	8296	0	0	8200	8199	0	0
P03_09_G	13877	0	0	0	0	12960	12960
P03_09_D	34351	2	0	0	0	33909	33907
P03_04_C	19966	0	0	0	0	19375	19374
P02_10_E	21719	0	0	21447	21439	3	0
P04_10_A	18696	0	0	18390	18315	15	0
P04_04_H	87	74	67	1	0	3	0
P03_02_H	24639	0	0	2	0	24393	24389
P04_05_A	11461	11297	11296	1	0	1	0
P05_02_E	720	0	0	0	0	713	711
P03_03_A	15470	0	0	1	0	15080	15076
P03_06_B	10	1	0	1	0	5	0
P05_01_B	6119	0	0	0	0	6047	6047
P05_01_F	5635	0	0	0	0	5563	5563
P02_04_C	6318	1	0	6223	6221	1	0
P03_09_H	13395	0	0	0	0	12282	12281
P03_12_B	21896	0	0	4	0	21666	21666
P03_07_E	28191	2	0	0	0	27007	27007
P04_03_C	16654	16344	16343	1	0	5	0
P04_04_B	4695	4595	4593	2	0	8	0
P04_01_E	24	14	0	2	0	2	0
P01_07_H	29786	28968	28967	3	0	424	424
P02_01_C	39373	1	0	38761	38728	5	0
P04_12_A	9739	1	0	4	0	9614	9614
P01_07_C	8696	8539	8535	1	0	0	0
P03_03_G	17271	1	0	1	0	17034	17034
P01_10_D	2346	2303	2301	1	0	2	0
P01_10_A	13845	13652	13651	1	0	3	0
P01_12_C	11738	11567	11566	1	0	0	0
P04_01_A	69122	68161	68155	2	0	49	49
P02_09_H	8359	0	0	8213	8210	4	0
P03_11_B	15537	0	0	3	0	15395	15395
P03_06_E	24530	1	0	1	0	24256	24255
P03_05_B	10	0	0	1	0	8	0
P04_08_E	27385	0	0	27033	27033	4	0
P01_09_C	19902	19549	19546	0	0	0	0
P03_07_F	23884	0	0	1	0	22288	22285
P01_08_D	14523	14301	14299	1	0	2	0
P02_12_G	57	0	0	55	53	0	0
P01_01_A	55098	54330	54328	0	0	3	0
P04_08_A	16790	0	0	16563	16561	11	0
P03_06_H	15124	1	0	1	0	14948	14947
P01_03_G	20496	20166	20166	1	0	5	0
P02_08_H	13303	0	0	13122	13121	4	0
P03_10_E	30264	1	0	0	0	28825	28825
P02_05_A	27458	0	0	26952	26948	1	0
P01_11_D	3453	3389	3388	1	0	0	0
P01_02_H	37034	36536	36535	1	0	11	0
P01_04_D	1411	1383	1366	0	0	0	0
P02_07_C	13882	0	0	13702	13698	4	0
P01_07_D	13698	13455	13454	1	0	1	0
P03_02_E	44785	3	0	0	0	44388	44385
P02_10_H	12787	0	0	12631	12629	1	0
P04_03_F	44034	43455	43452	1	0	4	0
P04_02_A	40676	40091	40084	5	0	24	0
P04_03_D	24392	24016	24014	4	0	3	0
P03_12_D	21361	0	0	1	0	21121	21117
P02_03_C	19145	0	0	18867	18857	3	0
P01_11_H	18659	18406	18406	0	0	0	0
P01_10_B	27978	27584	27583	1	0	0	0
P01_01_H	53573	52750	52744	5	0	10	0
P03_10_A	20586	0	0	3	0	20385	20384
P04_09_C	5796	0	0	5694	5694	6	0
P01_01_C	52698	51857	51857	0	0	0	0
P04_02_E	43103	42492	42490	3	0	3	0
P03_02_A	19605	0	0	1	0	19160	19159
P02_05_E	24519	1	0	24160	24156	2	0
P02_12_A	23056	1	0	22688	22679	12	0
P03_05_C	23062	0	0	0	0	22453	22452
P03_02_C	20146	0	0	3	0	19578	19577
P01_02_G	23311	22960	22952	5	0	8	0
P01_07_F	15620	15002	15000	1	0	379	379
P03_11_E	24597	1	0	0	0	23144	23144
P04_11_C	14494	0	0	1	0	14304	14304
P03_04_D	25243	0	0	0	0	24601	24600
P02_02_E	24320	0	0	23988	23975	3	0
P05_02_G	20586	0	0	0	0	20300	20300
P04_03_G	14214	13974	13971	1	0	1	0
P04_08_H	18189	0	0	17923	17922	3	0
P02_10_B	27458	0	0	26983	26979	1	0
P05_03_C	5738	0	0	0	0	5650	5650
P01_05_B	6222	6152	6152	0	0	1	0
P02_11_F	14247	0	0	14057	14054	0	0
P03_09_A	21	1	0	0	0	17	0
P01_12_B	32154	31680	31679	1	0	1	0
P02_02_B	24	2	0	14	0	3	0
P02_06_A	22270	2	0	21946	21937	1	0
P03_05_D	25564	0	0	0	0	24851	24851
P01_05_E	26070	25717	25715	0	0	1	0
P03_08_D	34048	1	0	1	0	33703	33703
P01_03_E	45584	45037	45034	4	0	15	0
P01_09_H	8934	8397	8396	2	0	381	381
P01_05_F	28470	28067	28066	5	0	2	0
P01_06_B	12	6	0	0	0	1	0
P02_04_D	11895	1	0	11690	11689	1	0
P04_07_G	22161	0	0	21853	21851	2	0
P01_12_A	25662	25251	25250	1	0	1	0
P05_01_H	3698	1	0	0	0	3641	3641
P02_12_E	17698	1	0	17457	17370	1	0
P04_01_B	23	6	0	3	0	10	0
P04_11_D	5375	0	0	5	0	5298	5298
P04_06_F	31571	8	0	31134	31127	2	0
P03_08_A	19089	1	0	2	0	18905	18905
P03_11_C	24774	0	0	2	0	24455	24454
P02_05_B	17947	0	0	17699	17698	4	0
P05_01_G	440	0	0	0	0	432	432
P04_09_G	19463	0	0	19108	19106	4	0
P04_07_D	51897	1	0	51094	51079	5	0
P02_07_H	13225	1	0	13053	13048	3	0
P04_09_A	126	0	0	111	97	8	0
P04_02_G	18227	17921	17919	4	0	0	0
P02_12_F	21433	0	0	21167	21161	0	0
P01_12_G	474	121	98	3	0	331	331
P03_06_G	24849	0	0	2	0	24584	24581
P02_01_G	11551	0	0	11374	11372	5	0
P03_10_D	21877	0	0	1	0	21646	21643
P04_07_C	17782	0	0	17518	17514	4	0
P01_07_A	24512	24196	24195	0	0	2	0
P04_03_A	26778	26407	26405	1	0	17	0
P02_06_C	4363	0	0	4275	4275	1	0
P03_06_C	21984	0	0	1	0	21403	21401
P04_04_F	25418	25047	25043	3	0	2	0
P01_08_B	43011	42335	42335	0	0	2	0
P04_06_C	28453	8	0	28051	28046	3	0
P05_02_D	2466	0	0	0	0	2429	2429
P01_08_F	40685	39634	39633	0	0	403	403
P03_03_H	21766	0	0	1	0	21496	21496
P02_10_D	5422	0	0	5347	5341	1	0
P04_01_F	31767	31355	31355	3	0	2	0
P01_12_H	5733	5261	5260	0	0	392	392
P04_06_G	13308	4	0	13126	13123	2	0
P02_07_G	14393	0	0	14185	14181	1	0
P03_10_F	21437	0	0	2	0	20315	20315
P02_05_C	11156	0	0	11000	10998	0	0
P01_11_F	24223	23924	23923	0	0	1	0
P01_06_D	8039	7865	7863	0	0	3	0
P01_09_B	25049	24669	24668	1	0	4	0
P04_02_C	7272	7163	7162	0	0	5	0
P01_03_A	8443	8316	8308	2	0	1	0
P02_06_G	20481	1	0	20175	20166	5	0
P02_03_B	30	3	0	22	0	3	0
P01_10_G	5829	5316	5310	1	0	395	395
P03_12_H	703	0	0	3	0	662	661
P02_01_D	26754	2	0	26232	26229	1	0
P01_01_B	35092	34623	34621	1	0	0	0
P04_01_H	25159	24805	24802	4	0	0	0
P01_06_G	36068	35587	35585	2	0	17	0
P05_02_A	43	1	0	0	0	37	37
P01_06_C	1646	1603	1601	1	0	4	0
P02_11_G	14553	0	0	14368	14365	2	0
P03_01_A	7734	2	0	0	0	7523	7485
P04_09_D	27638	0	0	27217	27201	3	0
P03_03_F	27511	0	0	0	0	27229	27228
P02_03_E	28229	0	0	27858	27854	2	0
P04_03_E	20291	20019	20016	5	0	3	0
P01_07_E	10297	9732	9732	1	0	408	408
P02_04_H	15559	0	0	15347	15346	0	0
P02_08_G	19576	0	0	19262	19261	1	0
P02_02_F	24674	1	0	24221	24215	1	0
P01_11_G	23618	23294	23294	0	0	1	0
P05_04_A	552	0	0	1	0	543	543
P01_09_E	22007	21337	21334	0	0	380	379
P02_02_C	27210	0	0	26780	26552	3	0
P02_02_D	24982	1	0	24629	24623	1	0
P03_03_D	26875	0	0	0	0	25718	25717
P05_02_C	63	0	0	0	0	61	60
P03_11_A	18365	1	0	2	0	18159	18157
P03_03_C	22520	0	0	2	0	21704	21704
P04_06_H	9708	5	0	9549	9546	1	0
P01_02_F	34919	34277	34271	2	0	14	0
P02_08_B	39089	0	0	38540	37777	0	0
P01_02_B	16	8	0	0	0	4	0
P01_11_E	26105	25727	25727	0	0	1	0
P01_12_E	22872	22257	22256	2	0	290	290
P01_10_F	12909	12243	12242	1	0	490	490
P05_04_B	7244	0	0	0	0	7151	7151
P04_01_G	17183	16923	16923	3	0	4	0
P04_08_G	12003	0	0	11778	11778	0	0
P03_04_A	13203	1	0	0	0	12863	12861
P04_11_F	9335	0	0	8	0	9251	9251
P01_04_F	46714	46086	46084	5	0	13	0
P04_04_A	172	148	138	3	0	12	0
P03_07_G	23054	0	0	0	0	21675	21673
P02_09_G	14619	1	0	14392	14384	4	0
P02_04_B	15	0	0	10	0	4	0
P03_02_D	29967	0	0	0	0	29173	29172
P03_01_B	26379	0	0	0	0	25727	25724
P05_03_D	13423	1	0	0	0	13215	13215
P05_01_D	735	1	0	0	0	719	719
P03_08_G	19830	0	0	0	0	18828	18828
P05_03_A	9220	0	0	0	0	9132	9131
P02_07_F	10053	0	0	9916	9911	2	0
P02_07_B	29237	1	0	28860	28854	1	0
P03_02_B	25	0	0	0	0	18	0
P02_09_D	7871	0	0	7757	7755	2	0
P04_08_B	25125	1	0	24711	24708	6	0
P05_02_B	176	1	0	0	0	169	169
P05_02_F	3926	0	0	0	0	3852	3851
P01_06_F	38731	38215	38215	2	0	1	0
P02_01_A	35573	0	0	35053	35038	6	0
P03_09_F	31960	0	0	0	0	30396	30395
P01_01_G	24259	23868	23867	1	0	13	0
P03_11_D	24672	0	0	0	0	24426	24426
P02_06_D	12737	0	0	12543	12542	9	0
P03_02_F	39938	2	0	2	0	39325	39323
P04_09_B	8415	1	0	8283	8260	7	0
P02_01_H	22192	2	0	21850	21846	2	0
P04_11_B	17	0	0	5	0	7	0
P03_08_H	16347	0	0	0	0	15552	15549
P01_07_B	26712	26353	26353	0	0	1	0
P03_07_D	28715	0	0	1	0	28320	28318
P02_05_D	21293	0	0	20977	20973	3	0
P02_05_F	22081	0	0	21836	21829	0	0
P03_10_B	28610	0	0	2	0	28286	28286
P03_06_A	18646	0	0	1	0	18046	18045
P02_11_A	25986	0	0	25639	25630	4	0
P03_02_G	27066	0	0	0	0	26716	26715
P02_03_G	10466	1	0	10315	10313	2	0
P02_09_C	24513	0	0	24120	24119	6	0
P02_08_C	21786	0	0	21480	21476	1	0
P01_08_E	27622	26747	26745	0	0	491	491
P02_09_B	24748	0	0	24428	24424	2	0
P03_06_D	24365	1	0	0	0	23748	23748
P03_07_C	25665	0	0	1	0	25343	25340
P04_06_D	34669	5	0	34222	34222	2	0
P03_01_F	667	1	0	1	0	626	459
P03_01_C	24883	0	0	2	0	24049	24048
P04_06_E	15	5	0	8	0	1	0
P03_06_F	31018	1	0	1	0	30732	30730
P02_11_H	12515	0	0	12327	12325	3	0
P03_03_B	21	0	0	2	0	13	0
P03_09_E	28794	1	0	1	0	27555	27553
P02_08_F	26791	0	0	26363	26363	2	0
P04_12_F	12734	0	0	5	0	12574	12573
P01_03_H	32228	31728	31728	4	0	7	0
